docs/docs.json
  h_b13471b77746e9 67,82
docs/introduction/example.mdx
  h_b13471b77746e9 2,6,13,25,33,54-55,58,61,64,67,70,77,87-88,91,96,99,102,105,113,115-117,120,123,126,129,132,136,141,144-149,158,162,165,168,171,174,179,183,189-191,208,211,214,217,220,223,231,256,259,263,270,278-279,283-288,299,319,329,343,353,371,381,383,395,411,435,447,470,482,498,508,522,535,537-539,541,543,546,549,551,557,575,577,613,663,665,743,801,803,837,873,905,941
---
{
  "schema_version": "authorship/3.0.0",
  "git_ai_version": "1.5.2",
  "base_commit_sha": "c9dff03ec086226223041359887befc7fa400101",
  "prompts": {},
  "humans": {
    "h_b13471b77746e9": {
      "author": "Tycho Bokdam <tycho@palmtreecoding.com>"
    }
  }
}